0  -2.4314
1  -2.6542
2  -2.7682
3  -2.9706
4  -3.0416
5  -3.1599
6  -3.2616
7  -3.3240
8  -3.3693
9  -3.3893
10  -3.4333
11  -3.4403
12  -3.4834
13  -3.5071
14  -3.5062
15  -3.5223
16  -3.5334
17  -3.5481
18  -3.5495
19  -3.5617
20  -3.5629
21  -3.5731
22  -3.5812
23  -3.5848
24  -3.5836
25  -3.5812
26  -3.5907
27  -3.5919
28  -3.6003
29  -3.6003
30  -3.5980
31  -3.6088
32  -3.6058
33  -3.6129
34  -3.6104
35  -3.6125
36  -3.6135
37  -3.6189
38  -3.6178
39  -3.6260
40  -3.6214
41  -3.6217
42  -3.6219
43  -3.6260
44  -3.6257
45  -3.6291
46  -3.6296
47  -3.6325
48  -3.6305
49  -3.6320
50  -3.6333
51  -3.6313
52  -3.6305
53  -3.6341
54  -3.6353
55  -3.6348
56  -3.6381
57  -3.6354
58  -3.6370
59  -3.6355
60  -3.6382
61  -3.6380
62  -3.6379
63  -3.6395
64  -3.6385
65  -3.6379
66  -3.6414
67  -3.6413
68  -3.6404
69  -3.6452
70  -3.6412
71  -3.6429
72  -3.6423
73  -3.6416
74  -3.6417
75  -3.6414
76  -3.6406
77  -3.6401
78  -3.6431
79  -3.6427
80  -3.6443
81  -3.6422
82  -3.6440
83  -3.6445
84  -3.6446
85  -3.6450
86  -3.6433
87  -3.6434
88  -3.6424
89  -3.6439
90  -3.6448
91  -3.6433
92  -3.6419
93  -3.6433
94  -3.6448
95  -3.6445
96  -3.6446
97  -3.6449
98  -3.6450
99  -3.6459
