0  -2.3511
1  -2.4462
2  -2.5565
3  -2.6330
4  -2.7358
5  -2.7866
6  -2.8492
7  -2.9249
8  -2.9403
9  -2.9931
10  -3.0185
11  -3.0757
12  -3.0935
13  -3.1449
14  -3.1607
15  -3.1895
16  -3.2547
17  -3.2483
18  -3.2900
19  -3.3170
20  -3.3337
21  -3.3549
22  -3.3780
23  -3.4050
24  -3.4264
25  -3.4170
26  -3.4387
27  -3.4473
28  -3.4721
29  -3.4758
30  -3.4944
31  -3.4957
32  -3.5034
33  -3.5184
34  -3.5065
35  -3.5176
36  -3.5254
37  -3.5388
38  -3.5354
39  -3.5367
40  -3.5420
41  -3.5454
42  -3.5501
43  -3.5584
44  -3.5546
45  -3.5591
46  -3.5701
47  -3.5773
48  -3.5752
49  -3.5715
50  -3.5752
51  -3.5776
52  -3.5802
53  -3.5804
54  -3.5897
55  -3.5904
56  -3.5888
57  -3.5909
58  -3.5957
59  -3.5885
60  -3.5912
61  -3.5919
62  -3.5858
63  -3.5901
64  -3.5925
65  -3.5951
66  -3.5938
67  -3.5999
68  -3.5923
69  -3.6041
70  -3.6045
71  -3.6043
72  -3.5980
73  -3.5961
74  -3.5957
75  -3.5993
76  -3.5982
77  -3.6087
78  -3.6051
79  -3.6053
80  -3.6012
81  -3.6100
82  -3.6052
83  -3.6067
84  -3.6030
85  -3.6064
86  -3.6015
87  -3.6108
88  -3.6060
89  -3.6141
90  -3.6111
91  -3.6117
92  -3.6161
93  -3.6087
94  -3.6100
95  -3.6085
96  -3.6078
97  -3.6074
98  -3.6151
99  -3.6131
