0  -2.5460
1  -2.7925
2  -3.1399
3  -3.3515
4  -3.4704
5  -3.5480
6  -3.5866
7  -3.6137
8  -3.6264
9  -3.6365
10  -3.6421
11  -3.6454
12  -3.6476
13  -3.6490
14  -3.6499
15  -3.6502
16  -3.6505
17  -3.6507
18  -3.6509
19  -3.6510
20  -3.6510
21  -3.6510
22  -3.6511
23  -3.6511
24  -3.6511
25  -3.6511
26  -3.6511
27  -3.6511
28  -3.6511
29  -3.6511
30  -3.6511
31  -3.6511
32  -3.6511
33  -3.6511
34  -3.6511
35  -3.6511
36  -3.6511
37  -3.6511
38  -3.6511
39  -3.6511
40  -3.6511
41  -3.6511
42  -3.6511
43  -3.6511
44  -3.6511
45  -3.6511
46  -3.6511
47  -3.6511
48  -3.6511
49  -3.6511
50  -3.6511
51  -3.6511
52  -3.6511
53  -3.6511
54  -3.6511
55  -3.6511
56  -3.6511
57  -3.6511
58  -3.6511
59  -3.6511
60  -3.6511
61  -3.6511
62  -3.6511
63  -3.6511
64  -3.6511
65  -3.6511
66  -3.6511
67  -3.6511
68  -3.6511
69  -3.6511
70  -3.6511
71  -3.6511
72  -3.6511
73  -3.6511
74  -3.6511
75  -3.6511
76  -3.6511
77  -3.6511
78  -3.6511
79  -3.6511
80  -3.6511
81  -3.6511
82  -3.6511
83  -3.6511
84  -3.6511
85  -3.6511
86  -3.6511
87  -3.6511
88  -3.6511
89  -3.6511
90  -3.6511
91  -3.6511
92  -3.6511
93  -3.6511
94  -3.6511
95  -3.6511
96  -3.6511
97  -3.6511
98  -3.6511
99  -3.6511
